Grading at 09/12/2022:17:39:38.498874
For commit ID 4da5ecd9d616f7fde13fec011fe73cda2a482fab
Grading at Mon Sep 12 01:39:38 PM EDT 2022
....
----------------------------------------------------------------------
Ran 4 tests in 0.001s

OK
Grading at Mon Sep 12 13:39:38  2022
Passed: 1 -1 0 3 

Passed: 12 -144 -143 -140 -135 -128 -119 -108 -95 -80 -63 -44 -23 0 25 52 81 112 145 180 217 256 297 340 385 432 481 532 585 640 697 756 817 880 945 1012 1081 

Passed: 5 -25 -24 -21 -16 -9 0 11 24 39 56 75 96 119 144 171 

Passed: 7 -49 -48 -45 -40 -33 -24 -13 0 15 32 51 72 95 120 147 176 207 240 275 312 351 


Overall Grade: PASSED
